# This file may be used to create an environment using:
# $ conda create --name <env> --file <this file>
# platform: win-64
appdirs=1.4.4=pyh9f0ad1d_0
beautifulsoup4=4.11.1=pyha770c72_0
boto3=1.26.32=pyhd8ed1ab_0
botocore=1.29.32=pyhd8ed1ab_0
brotlipy=0.7.0=py38h91455d4_1005
bzip2=1.0.8=h8ffe710_4
ca-certificates=2022.12.7=h5b45459_0
certifi=2022.12.7=pyhd8ed1ab_0
cffi=1.15.1=py38h57701bc_3
chardet=5.1.0=pypi_0
charset-normalizer=2.1.1=pyhd8ed1ab_0
chemdataextractor=1.3.0=pyh9f0ad1d_1
click=8.1.3=win_pyhd8ed1ab_2
colorama=0.4.6=pyhd8ed1ab_0
cryptography=38.0.4=py38h95f5157_0
cssselect=1.2.0=pyhd8ed1ab_0
dawg=0.8.0=py38h885f38d_3
gtts=2.3.0=pypi_0
idna=3.4=pyhd8ed1ab_0
jmespath=1.0.1=pyhd8ed1ab_0
joblib=1.2.0=pyhd8ed1ab_0
libffi=3.4.2=h8ffe710_5
libiconv=1.17=h8ffe710_0
libsqlite=3.40.0=hcfcfb64_0
libxml2=2.10.3=hc3477c8_0
libxslt=1.1.37=h0192164_0
libzlib=1.2.13=hcfcfb64_4
lxml=4.9.2=py38h8e95c58_0
nltk=3.8=pyhd8ed1ab_0
numpy=1.24.1=pypi_0
openssl=3.0.7=hcfcfb64_1
pdfdataextractor=1.0=pypi_0
pdfminer=20191125=pyhd8ed1ab_1
pdfminer-six=20200121=pypi_0
pdfminer.six=20221105=pyhd8ed1ab_0
pip=22.3.1=pyhd8ed1ab_0
pycparser=2.21=pyhd8ed1ab_0
pycryptodome=3.16.0=pypi_0
pyopenssl=22.1.0=pyhd8ed1ab_0
pyqt5=5.15.7=pypi_0
pyqt5-qt5=5.15.2=pypi_0
pyqt5-sip=12.11.0=pypi_0
pysocks=1.7.1=pyh0701188_6
python=3.8.15=h4de0772_0_cpython
python-crfsuite=0.9.8=py38hbd9d945_1
python-dateutil=2.8.2=pyhd8ed1ab_0
python_abi=3.8=3_cp38
pyyaml=6.0=py38h91455d4_5
regex=2022.10.31=py38h91455d4_0
requests=2.28.1=pyhd8ed1ab_1
s3transfer=0.6.0=pyhd8ed1ab_0
setuptools=65.5.1=pyhd8ed1ab_0
six=1.16.0=pyh6c4a22f_0
sortedcontainers=2.4.0=pypi_0
soupsieve=2.3.2.post1=pyhd8ed1ab_0
tk=8.6.12=h8ffe710_0
tqdm=4.64.1=pyhd8ed1ab_0
ucrt=10.0.22621.0=h57928b3_0
urllib3=1.26.13=pyhd8ed1ab_0
vc=14.3=h3d8a991_9
vs2015_runtime=14.32.31332=h1d6e394_9
wheel=0.38.4=pyhd8ed1ab_0
win_inet_pton=1.1.0=pyhd8ed1ab_6
xz=5.2.6=h8d14728_0
yaml=0.2.5=h8ffe710_2
zstandard=0.19.0=py38h91455d4_0
