# This file may be used to create an environment using:
# $ conda create --name <env> --file <this file>
# platform: win-64
boto3=1.26.11=pyhd8ed1ab_0
botocore=1.29.11=pyhd8ed1ab_0
brotlipy=0.7.0=py38h91455d4_1005
bzip2=1.0.8=h8ffe710_4
ca-certificates=2022.12.7=h5b45459_0
certifi=2022.9.24=pyhd8ed1ab_0
cffi=1.15.1=py38h57701bc_2
cryptography=38.0.3=py38h95f5157_0
idna=3.4=pyhd8ed1ab_0
intel-openmp=2022.1.0=h57928b3_3787
jmespath=1.0.1=pyhd8ed1ab_0
libblas=3.9.0=16_win64_mkl
libcblas=3.9.0=16_win64_mkl
libffi=3.4.2=h8ffe710_5
liblapack=3.9.0=16_win64_mkl
libsqlite=3.40.0=hcfcfb64_0
libzlib=1.2.13=hcfcfb64_4
mkl=2022.1.0=h6a75c08_874
numpy=1.23.4=py38h90ce339_1
openssl=3.0.7=hcfcfb64_1
pdfminer=20191125=pyhd8ed1ab_1
pip=22.3.1=pyhd8ed1ab_0
pycparser=2.21=pyhd8ed1ab_0
pycryptodome=3.15.0=py38h91455d4_1
pyopenssl=22.1.0=pyhd8ed1ab_0
pysocks=1.7.1=pyh0701188_6
python=3.8.15=h4de0772_0_cpython
python-dateutil=2.8.2=pyhd8ed1ab_0
python_abi=3.8=2_cp38
s3transfer=0.6.0=pyhd8ed1ab_0
setuptools=66.1.1=pyhd8ed1ab_0
six=1.16.0=pyh6c4a22f_0
tbb=2021.7.0=h91493d7_0
tk=8.6.12=h8ffe710_0
ucrt=10.0.22621.0=h57928b3_0
urllib3=1.26.11=pyhd8ed1ab_0
vc=14.3=hb6edc58_10
vs2015_runtime=14.34.31931=h4c5c07a_10
wheel=0.38.4=pyhd8ed1ab_0
win_inet_pton=1.1.0=pyhd8ed1ab_6
xz=5.2.6=h8d14728_0
